TRIP
DATE 2011-10-11 
DECLINATION     0.00
DATA
1.0		54.29	87.36	0.856	>
1.0		65.48	53.70	1.017	>
1.0		68.73	-61.38	1.266	>
1.0		232.13	-69.08	1.309	>
1.0		227.54	63.87	1.016	>
1.0	2.0	335.13	0.37	0.925	>
2.0		74.61	69.39	1.659	>
2.0		71.49	-54.97	1.213	>
2.0		263.10	-50.19	1.222	>
2.0		253.16	67.71	1.711	>
2.0	3.0	344.38	1.04	1.326	>
3.0		67.47	28.53	2.875	>
3.0		63.39	-11.76	2.605	>
3.0		260.63	-45.85	1.323	>
3.0		258.63	51.50	1.996	>
3.0	4.0	357.19	-10.34	2.491	>
4.0		67.88	37.70	2.628	>
4.0		65.28	-22.22	2.239	>
4.0		234.44	-39.32	1.360	>
4.0		226.81	54.57	1.545	>
4.0	5.0	333.57	-9.45	2.059	>
5.0		47.45	37.84	2.365	>
5.0		48.69	-27.96	2.152	>
5.0		257.15	-36.77	1.448	>
5.0		262.40	41.07	2.247	>
5.0	6.0	331.30	-3.53	1.707	>
6.0		105.28	52.83	1.677	>
6.0		87.20	-42.18	1.574	>
6.0		269.43	-48.65	1.364	>
6.0		271.61	55.19	1.681	>

PLAN
STATIONS
0.000	0.000	0.0
0.000	0.000	1.0
-0.389	0.839	2.0
-0.746	2.116	3.0
-0.866	4.564	4.0
-1.770	6.383	5.0
-2.588	7.877	6.0
SHOTS
-1.770	6.383	-2.588	7.877
-2.588	7.877	-1.611	7.610
-2.588	7.877	-1.423	7.934
-2.588	7.877	-3.489	7.868
-2.588	7.877	-3.547	7.904
-0.866	4.564	-1.770	6.383
-1.770	6.383	-0.394	7.646
-1.770	6.383	-0.342	7.638
-1.770	6.383	-2.901	6.125
-1.770	6.383	-3.449	6.159
-0.746	2.116	-0.866	4.564
-0.866	4.564	1.060	5.347
-0.866	4.564	1.017	5.431
-0.866	4.564	-1.722	3.952
-0.866	4.564	-1.519	3.951
-0.389	0.839	-0.746	2.116
-0.746	2.116	1.587	3.084
-0.746	2.116	1.534	3.258
-0.746	2.116	-1.655	1.966
-0.746	2.116	-1.964	1.871
0.000	0.000	-0.389	0.839
-0.389	0.839	0.174	0.994
-0.389	0.839	0.271	1.060
-0.389	0.839	-1.166	0.745
-0.389	0.839	-1.010	0.651
0.000	0.000	0.000	0.000
0.000	0.000	0.032	0.023
0.000	0.000	0.548	0.250
0.000	0.000	0.565	0.220
0.000	0.000	-0.369	-0.287
0.000	0.000	-0.330	-0.302

ELEVATION
STATIONS
0.000	0.000	0.0
0.000	0.000	1.0
0.925	0.006	2.0
2.251	0.030	3.0
4.702	-0.417	4.0
6.733	-0.755	5.0
8.436	-0.860	6.0
SHOTS
6.733	-0.755	8.436	-0.860
8.436	-0.860	7.732	0.476
8.436	-0.860	7.926	-1.917
8.436	-0.860	8.860	-1.884
8.436	-0.860	8.919	0.520
4.702	-0.417	6.733	-0.755
6.733	-0.755	7.250	0.696
6.733	-0.755	7.220	-1.764
6.733	-0.755	7.006	-1.622
6.733	-0.755	7.279	0.721
2.251	0.030	4.702	-0.417
4.702	-0.417	5.390	1.190
4.702	-0.417	5.475	-1.264
4.702	-0.417	4.132	-1.279
4.702	-0.417	4.121	0.842
0.925	0.006	2.251	0.030
2.251	0.030	2.553	1.403
2.251	0.030	2.736	-0.501
2.251	0.030	2.351	-0.919
2.251	0.030	2.343	1.592
0.000	0.000	0.925	0.006
0.925	0.006	0.828	1.559
0.925	0.006	0.847	-0.987
0.925	0.006	1.166	-0.933
0.925	0.006	1.016	1.589
0.000	0.000	0.000	0.000
0.000	0.000	0.000	0.855
0.000	0.000	0.000	0.820
0.000	0.000	0.000	-1.111
0.000	0.000	0.000	-1.223
0.000	0.000	0.000	0.912
