TRIP
DATE 2011-10-11 
DECLINATION     0.00
DATA
1.0		192.94	86.05	1.104	>
1.0		195.26	-89.53	1.391	>
1.0		252.20	-49.37	1.829	>
1.0		271.11	43.99	1.650	>
1.0	2.0	329.73	0.99	1.972	>
2.0		74.48	40.69	1.626	>
2.0		64.95	-49.65	1.886	>
2.0		31.61	-89.39	1.424	>
2.0		339.78	88.99	1.149	>
2.0	3.0	50.82	2.71	3.442	>
3.0		129.81	88.09	0.940	>
3.0		34.22	-88.90	1.570	>
3.0		283.52	-22.39	4.139	>
3.0		285.27	12.37	3.931	>
3.0	4.0	329.62	-0.32	4.951	>
4.0		62.06	-26.09	3.540	>
4.0		270.00	-89.89	1.575	>
4.0		115.08	87.01	0.993	>
4.0		58.63	16.09	3.331	>
4.0	5.0	17.70	-7.93	1.514	>
5.0		215.88	-87.80	1.511	>
5.0		163.75	-50.97	1.793	>
5.0		178.47	51.76	1.451	>
5.0		308.42	88.13	1.135	>

PLAN
STATIONS
0.000	0.000	1.0
-0.994	1.703	2.0
1.671	3.875	3.0
-0.833	8.146	4.0
-0.377	9.575	5.0
SHOTS
-0.833	8.146	-0.377	9.575
-0.377	9.575	-0.411	9.528
-0.377	9.575	-0.061	8.491
-0.377	9.575	-0.353	8.677
-0.377	9.575	-0.406	9.598
1.671	3.875	-0.833	8.146
-0.833	8.146	1.976	9.636
-0.833	8.146	-0.836	8.146
-0.833	8.146	-0.786	8.124
-0.833	8.146	1.900	9.812
-0.994	1.703	1.671	3.875
1.671	3.875	1.695	3.855
1.671	3.875	1.688	3.900
1.671	3.875	-2.050	4.770
1.671	3.875	-2.033	4.886
0.000	0.000	-0.994	1.703
-0.994	1.703	0.194	2.033
-0.994	1.703	0.112	2.220
-0.994	1.703	-0.986	1.716
-0.994	1.703	-1.001	1.722
0.000	0.000	-0.017	-0.074
0.000	0.000	-0.003	-0.011
0.000	0.000	-1.134	-0.364
0.000	0.000	-1.187	0.023

ELEVATION
STATIONS
0.000	0.000	1.0
1.972	0.034	2.0
5.410	0.197	3.0
10.361	0.169	4.0
11.861	-0.040	5.0
SHOTS
10.361	0.169	11.861	-0.040
11.861	-0.040	11.806	-1.550
11.861	-0.040	10.924	-1.433
11.861	-0.040	11.013	1.100
11.861	-0.040	11.873	1.094
5.410	0.197	10.361	0.169
10.361	0.169	10.225	-1.388
10.361	0.169	10.362	-1.406
10.361	0.169	10.318	1.161
10.361	0.169	10.415	1.092
1.972	0.034	5.410	0.197
5.410	0.197	5.416	1.136
5.410	0.197	5.438	-1.373
5.410	0.197	3.090	-1.380
5.410	0.197	3.177	1.039
0.000	0.000	1.972	0.034
1.972	0.034	1.658	1.094
1.972	0.034	1.860	-1.403
1.972	0.034	1.979	-1.390
1.972	0.034	1.991	1.183
0.000	0.000	0.000	1.101
0.000	0.000	0.000	-1.391
0.000	0.000	0.000	-1.388
0.000	0.000	0.000	1.146
