TRIP
DATE 2011-10-11 
DECLINATION     0.00
DATA
1.0		296.57	89.88	1.056	>
1.0		192.99	-89.45	1.380	>
1.0		269.48	-48.37	1.818	>
1.0		281.50	41.88	1.597	>
1.0	2.0	332.67	1.46	1.922	>
2.0		69.38	39.96	1.582	>
2.0		62.07	-50.10	1.960	>
2.0		170.91	-89.02	1.482	>
2.0		180.00	88.57	1.000	>
2.0	3.0	55.41	3.72	3.437	>
3.0		194.04	88.14	0.761	>
3.0		279.87	-86.96	1.321	>
3.0		262.86	-29.91	3.509	>
3.0		272.19	11.94	3.925	>
3.0	4.0	337.86	-1.23	4.955	>
4.0		49.45	15.56	2.888	>
4.0		57.28	-29.99	3.197	>
4.0		358.03	-88.97	1.616	>
4.0		144.61	86.96	0.879	>

PLAN
STATIONS
0.000	0.000	0.0
0.000	0.000	1.0
-0.882	1.707	2.0
1.941	3.654	3.0
0.074	8.243	4.0
SHOTS
1.941	3.654	0.074	8.243
0.074	8.243	2.188	10.052
0.074	8.243	2.404	9.740
0.074	8.243	0.073	8.272
0.074	8.243	0.101	8.205
-0.882	1.707	1.941	3.654
1.941	3.654	1.935	3.630
1.941	3.654	1.872	3.666
1.941	3.654	-1.077	3.276
1.941	3.654	-1.896	3.801
0.000	0.000	-0.882	1.707
-0.882	1.707	0.253	2.134
-0.882	1.707	0.229	2.296
-0.882	1.707	-0.878	1.682
-0.882	1.707	-0.882	1.682
0.000	0.000	0.000	0.000
0.000	0.000	-0.002	0.001
0.000	0.000	-0.003	-0.013
0.000	0.000	-1.208	-0.011
0.000	0.000	-1.165	0.237

ELEVATION
STATIONS
0.000	0.000	0.0
0.000	0.000	1.0
1.921	0.049	2.0
5.350	0.272	3.0
10.304	0.166	4.0
SHOTS
5.350	0.272	10.304	0.166
10.304	0.166	11.182	0.941
10.304	0.166	10.812	-1.432
10.304	0.166	10.331	-1.450
10.304	0.166	10.258	1.044
1.921	0.049	5.350	0.272
5.350	0.272	5.331	1.033
5.350	0.272	5.300	-1.047
5.350	0.272	2.650	-1.478
5.350	0.272	2.274	1.084
0.000	0.000	1.921	0.049
1.921	0.049	1.778	1.065
1.921	0.049	1.934	-1.455
1.921	0.049	1.897	-1.433
1.921	0.049	1.898	1.049
0.000	0.000	0.000	0.000
0.000	0.000	0.000	1.056
0.000	0.000	0.000	-1.380
0.000	0.000	0.000	-1.359
0.000	0.000	0.000	1.066
