TRIP
DATE 2011-10-11 
DECLINATION     0.00
DATA
1.0	2.0	349.50	0.32	0.181	>
2.0		67.61	-3.88	2.618	>
2.0		68.74	27.84	2.912	>
2.0		263.83	-6.24	0.562	>
2.0		252.90	55.93	1.554	>
2.0	3.0	343.88	-2.50	2.084	>
3.0		49.58	1.69	2.615	>
3.0		53.06	26.84	2.928	>
3.0		307.79	79.67	1.319	>
3.0		241.35	64.97	1.395	>
3.0		336.70	-13.46	3.790	>
3.0		345.46	-13.67	3.964	>
3.0		352.86	-14.56	3.799	>
3.0		1.22	-14.32	3.153	>
3.0		315.13	-14.87	3.008	>
3.0		6.21	2.11	3.184	>
3.0		339.83	23.10	3.405	>

PLAN
STATIONS
0.000	0.000	1.0
-0.033	0.178	2.0
-0.611	2.178	3.0
SHOTS
-0.033	0.178	-0.611	2.178
-0.611	2.178	1.379	3.873
-0.611	2.178	1.477	3.748
-0.611	2.178	-0.798	2.323
-0.611	2.178	-1.129	1.895
-0.611	2.178	-2.069	5.563
-0.611	2.178	-1.578	5.906
-0.611	2.178	-1.068	5.827
-0.611	2.178	-0.546	5.232
-0.611	2.178	-2.662	4.238
-0.611	2.178	-0.267	5.341
-0.611	2.178	-1.691	5.118
0.000	0.000	-0.033	0.178
-0.033	0.178	2.382	1.173
-0.033	0.178	2.367	1.112
-0.033	0.178	-0.588	0.118
-0.033	0.178	-0.865	-0.078

ELEVATION
STATIONS
0.000	0.000	1.0
0.181	0.001	2.0
2.263	-0.090	3.0
SHOTS
0.181	0.001	2.263	-0.090
2.263	-0.090	3.338	-0.013
2.263	-0.090	3.191	1.232
2.263	-0.090	2.454	1.208
2.263	-0.090	2.135	1.174
2.263	-0.090	5.920	-0.972
2.263	-0.090	6.112	-1.027
2.263	-0.090	5.894	-1.045
2.263	-0.090	5.179	-0.870
2.263	-0.090	4.811	-0.862
2.263	-0.090	5.206	0.027
2.263	-0.090	5.387	1.246
0.000	0.000	0.181	0.001
0.181	0.001	0.713	-0.176
0.181	0.001	0.656	1.361
0.181	0.001	0.224	-0.060
0.181	0.001	0.082	1.288
