   (m, 360)

[1]: 2011/10/11     0.00  


     1.0                   0.000    0.00    0.00         
     1.0         2.0       0.181  349.37    0.34  [1]    
     2.0                   2.618   67.60   -3.87  [1]    
     2.0                   2.912   68.74   27.83  [1]    
     2.0                   0.561  263.80   -6.23  [1]    
     2.0                   1.554  252.89   55.93  [1]    
     2.0         3.0       2.084  343.88   -2.50  [1]    
     3.0                   2.615   49.59    1.69  [1]    
     3.0                   2.927   53.06   26.85  [1]    
     3.0                   1.319  307.74   79.65  [1]    
     3.0                   1.395  241.35   64.98  [1]    
     3.0                   3.790  336.70  -13.46  [1]    
     3.0                   3.963  345.46  -13.67  [1]    
     3.0                   3.799  352.86  -14.56  [1]    
     3.0                   3.153    1.22  -14.33  [1]    
     3.0                   3.008  315.13  -14.87  [1]    
     3.0                   3.184    6.21    2.10  [1]    
     3.0                   3.405  339.82   23.11  [1]    
