TRIP
DATE 2004-01-02 
DECLINATION     0.00
DATA
1.0		0.0	0.0	0.0	>
1.0		261.54	-84.48	1.555	>
1.0		21.67	-25.10	2.049	>
1.0		22.05	-8.16	3.197	>
1.0		22.40	-5.85	4.062	>
1.0		23.52	5.95	3.547	>
1.0		21.95	17.20	2.901	>
1.0		22.68	30.11	2.998	>
1.0		24.00	41.07	2.732	>
1.0		40.81	60.40	1.372	>
1.0		49.76	66.21	1.224	>
1.0	2.0	344.36	17.53	5.525	>
2.0		99.60	77.34	0.629	>
2.0		194.80	44.11	1.112	>
2.0		198.02	24.95	1.558	>
2.0		198.00	21.20	2.815	>
2.0		194.97	11.82	3.222	>
2.0		192.38	-8.86	4.008	>
2.0		192.47	-19.05	5.091	>
2.0		192.82	-32.50	6.063	>
2.0		190.60	-36.91	6.031	>
2.0		186.26	-47.88	3.544	>
2.0		182.11	-57.06	2.495	>
2.0		23.05	-74.51	2.075	>
2.0	3.0	216.69	-12.72	6.066	>
3.0		175.75	-65.70	0.950	>
3.0		88.82	-86.76	1.718	>
3.0		2.86	-9.81	4.360	>
3.0		1.25	5.37	6.315	>
3.0		353.07	16.37	5.895	>
3.0		353.75	28.68	6.426	>
3.0		346.38	35.89	5.607	>
3.0		353.88	38.70	5.049	>
3.0		355.00	49.71	3.390	>
3.0		350.04	54.54	3.059	>
3.0		353.88	59.50	1.294	>
3.0	4.0	325.65	-5.37	4.518	>
4.0		4.94	-46.65	0.507	>
4.0		358.60	0.63	2.009	>
4.0		357.71	14.13	1.520	>
4.0		352.16	36.56	3.433	>
4.0		352.34	39.34	3.931	>
4.0		352.23	47.70	3.902	>
4.0		349.25	56.20	4.598	>
4.0		347.58	65.30	4.528	>
4.0		258.69	87.32	3.920	>
4.0		187.08	64.62	3.727	>
4.0		177.81	42.16	4.031	>
4.0		176.59	7.86	4.027	>
4.0		176.42	-0.90	3.891	>
4.0		175.11	-23.51	3.605	>
4.0		171.39	-45.02	2.364	>
4.0		162.85	-57.97	1.707	>
4.0		162.87	-64.16	0.763	>
4.0	5.0	273.98	28.89	1.745	>
#5.0		21.07	-65.33	1.040	>
5.0		197.60	28.03	3.675	>
5.0		199.27	7.39	3.547	>
5.0		196.53	-27.96	3.844	>
5.0		210.77	-49.87	2.902	>
5.0		231.51	-69.94	1.817	>
5.0		3.61	-50.76	1.180	>
5.0		7.84	-8.10	1.881	>
5.0		10.88	21.84	2.546	>
5.0		356.32	39.43	2.645	>
5.0		6.15	57.03	4.130	>
5.0		267.15	82.98	3.292	>
5.0		201.16	49.66	3.411	>
5.0	6.0	352.18	13.31	5.319	>
6.0		207.12	62.36	0.799	>
6.0		213.48	18.00	2.106	>
6.0		208.73	8.54	4.323	>
6.0		210.23	10.41	7.349	>
6.0		212.50	4.29	8.602	>
6.0		212.46	-5.92	8.878	>
6.0		209.61	-16.73	9.548	>
6.0		210.91	-22.87	9.295	>
6.0		209.77	-27.03	7.822	>
6.0		207.83	-34.04	0.220	>
6.0		35.18	-10.50	0.401	>
6.0		39.14	5.41	2.972	>
6.0		40.51	21.40	2.396	>
6.0		35.25	58.47	1.166	>
6.0	7.0	289.31	7.44	3.937	>
7.0		30.64	0.93	0.245	>
7.0		55.14	10.58	1.541	>
7.0		40.01	41.70	1.787	>
7.0		135.97	81.71	1.157	>
7.0		199.36	24.41	2.209	>
7.0		196.22	4.90	5.084	>
7.0		195.86	-2.57	8.245	>
7.0		196.01	-10.57	9.827	>
7.0		195.41	-16.36	10.243	>
7.0		196.02	-19.73	9.966	>
7.0		194.43	-26.05	9.078	>
7.0		190.62	-32.05	8.104	>
7.0		192.66	-32.05	4.619	>
7.0		165.90	-54.79	1.132	>
7.0	8.0	217.18	-18.27	9.080	>
8.0		11.22	-25.41	0.865	>
8.0		9.40	-13.41	1.794	>
8.0		18.00	32.89	2.042	>
8.0		19.64	44.63	3.863	>
8.0		39.02	58.90	3.743	>
8.0		73.26	61.79	3.974	>
8.0		90.16	58.81	2.732	>
8.0		98.53	49.05	2.378	>
8.0		121.06	28.89	2.614	>
8.0		147.07	15.04	3.356	>
8.0		146.77	-4.31	3.008	>
8.0		150.56	-10.25	2.103	>
8.0		139.10	-37.19	0.832	>
8.0	9.0	265.97	-9.42	1.918	>
9.0		339.81	-8.39	0.281	>
9.0		350.92	1.89	3.006	>
9.0		344.35	32.88	3.477	>
9.0		340.31	38.78	4.295	>
9.0		345.37	51.40	4.075	>
9.0		336.11	63.37	3.118	>
9.0		0.36	73.87	2.847	>
9.0		142.22	70.21	2.942	>
9.0		148.90	54.19	3.581	>
9.0		146.97	31.82	4.850	>
9.0		146.52	16.03	4.512	>
9.0		146.72	-0.89	4.136	>
9.0		149.18	-7.15	0.748	>
9.0	10.0	251.25	30.15	2.433	>
10.0		358.86	36.48	1.184	>
10.0		352.91	58.76	1.749	>
10.0		162.33	80.40	1.996	>
10.0		170.97	41.66	2.422	>
10.0		194.43	38.50	2.215	>
10.0		203.17	22.41	1.946	>
10.0		208.12	6.51	1.578	>
10.0		206.24	-7.52	0.550	>
10.0	11.0	252.71	44.75	1.430	>
11.0		2.05	-45.32	0.239	>
11.0		16.42	17.16	1.281	>
11.0		17.79	42.51	1.145	>
11.0		11.80	66.41	0.745	>
11.0		210.96	85.11	0.410	>

PLAN
STATIONS
0.000	0.000	1.0
-1.420	5.073	2.0
-4.955	0.328	3.0
-7.493	4.042	4.0
-9.017	4.148	5.0
-9.721	9.276	6.0
-13.405	10.567	7.0
-18.616	3.697	8.0
-20.503	3.564	9.0
-22.495	2.888	10.0
-23.465	2.586	11.0
SHOTS
-22.495	2.888	-23.465	2.586
-23.465	2.586	-23.459	2.754
-23.465	2.586	-23.119	3.760
-23.465	2.586	-23.207	3.390
-23.465	2.586	-23.404	2.878
-23.465	2.586	-23.483	2.556
-20.503	3.564	-22.495	2.888
-22.495	2.888	-22.514	3.840
-22.495	2.888	-22.607	3.788
-22.495	2.888	-22.394	2.571
-22.495	2.888	-22.211	1.101
-22.495	2.888	-22.927	1.209
-22.495	2.888	-23.203	1.234
-22.495	2.888	-23.234	1.505
-22.495	2.888	-22.736	2.399
-18.616	3.697	-20.503	3.564
-20.503	3.564	-20.599	3.825
-20.503	3.564	-20.977	6.531
-20.503	3.564	-21.291	6.376
-20.503	3.564	-21.631	6.716
-20.503	3.564	-21.145	6.024
-20.503	3.564	-21.069	4.842
-20.503	3.564	-20.498	4.355
-20.503	3.564	-19.893	2.777
-20.503	3.564	-19.421	1.770
-20.503	3.564	-18.257	0.109
-20.503	3.564	-18.111	-0.053
-20.503	3.564	-18.234	0.107
-20.503	3.564	-20.123	2.927
-13.405	10.567	-18.616	3.697
-18.616	3.697	-18.464	4.463
-18.616	3.697	-18.331	5.419
-18.616	3.697	-18.086	5.328
-18.616	3.697	-17.692	6.286
-18.616	3.697	-17.399	5.199
-18.616	3.697	-16.817	4.238
-18.616	3.697	-17.201	3.693
-18.616	3.697	-17.075	3.466
-18.616	3.697	-16.655	2.516
-18.616	3.697	-16.854	0.977
-18.616	3.697	-16.972	1.188
-18.616	3.697	-17.599	1.895
-18.616	3.697	-18.182	3.196
-9.721	9.276	-13.405	10.567
-13.405	10.567	-13.280	10.778
-13.405	10.567	-12.162	11.433
-13.405	10.567	-12.547	11.589
-13.405	10.567	-13.289	10.447
-13.405	10.567	-14.072	8.669
-13.405	10.567	-14.820	5.703
-13.405	10.567	-15.656	2.644
-13.405	10.567	-16.070	1.281
-13.405	10.567	-16.016	1.092
-13.405	10.567	-15.994	1.550
-13.405	10.567	-15.437	2.669
-13.405	10.567	-14.671	3.816
-13.405	10.567	-14.263	6.747
-13.405	10.567	-13.246	9.934
-9.017	4.148	-9.721	9.276
-9.721	9.276	-9.890	8.946
-9.721	9.276	-10.826	7.605
-9.721	9.276	-11.776	5.527
-9.721	9.276	-13.360	3.031
-9.721	9.276	-14.330	2.042
-9.721	9.276	-14.460	1.825
-9.721	9.276	-14.239	1.326
-9.721	9.276	-14.120	1.928
-9.721	9.276	-13.180	3.228
-9.721	9.276	-9.806	9.115
-9.721	9.276	-9.494	9.598
-9.721	9.276	-7.853	11.571
-9.721	9.276	-8.272	10.972
-9.721	9.276	-9.369	9.774
-7.493	4.042	-9.017	4.148
-9.017	4.148	-8.861	4.553
-9.017	4.148	-9.998	1.056
-9.017	4.148	-10.178	0.828
-9.017	4.148	-9.983	0.893
-9.017	4.148	-9.974	2.541
-9.017	4.148	-9.505	3.760
-9.017	4.148	-8.970	4.893
-9.017	4.148	-8.763	5.993
-9.017	4.148	-8.571	6.469
-9.017	4.148	-9.148	6.187
-9.017	4.148	-8.776	6.383
-9.017	4.148	-9.419	4.128
-9.017	4.148	-9.814	2.089
-4.955	0.328	-7.493	4.042
-7.493	4.042	-7.463	4.389
-7.493	4.042	-7.542	6.050
-7.493	4.042	-7.552	5.515
-7.493	4.042	-7.869	6.774
-7.493	4.042	-7.898	7.055
-7.493	4.042	-7.848	6.644
-7.493	4.042	-7.970	6.555
-7.493	4.042	-7.900	5.890
-7.493	4.042	-7.673	4.006
-7.493	4.042	-7.690	2.457
-7.493	4.042	-7.379	1.056
-7.493	4.042	-7.256	0.060
-7.493	4.042	-7.250	0.159
-7.493	4.042	-7.211	0.748
-7.493	4.042	-7.243	2.390
-7.493	4.042	-7.226	3.177
-7.493	4.042	-7.395	3.724
-1.420	5.073	-4.955	0.328
-4.955	0.328	-4.926	-0.062
-4.955	0.328	-4.858	0.330
-4.955	0.328	-4.741	4.619
-4.955	0.328	-4.818	6.614
-4.955	0.328	-5.637	5.943
-4.955	0.328	-5.569	5.932
-4.955	0.328	-6.025	4.743
-4.955	0.328	-5.375	4.246
-4.955	0.328	-5.146	2.512
-4.955	0.328	-5.262	2.076
-4.955	0.328	-5.025	0.981
0.000	0.000	-1.420	5.073
-1.420	5.073	-1.284	5.050
-1.420	5.073	-1.624	4.301
-1.420	5.073	-1.857	3.730
-1.420	5.073	-2.231	2.577
-1.420	5.073	-2.235	2.026
-1.420	5.073	-2.269	1.205
-1.420	5.073	-2.459	0.374
-1.420	5.073	-2.555	0.087
-1.420	5.073	-2.307	0.333
-1.420	5.073	-1.679	2.710
-1.420	5.073	-1.470	3.717
-1.420	5.073	-1.203	5.583
0.000	0.000	-0.148	-0.022
0.000	0.000	0.685	1.724
0.000	0.000	1.188	2.933
0.000	0.000	1.540	3.736
0.000	0.000	1.408	3.235
0.000	0.000	1.036	2.570
0.000	0.000	1.000	2.393
0.000	0.000	0.838	1.882
0.000	0.000	0.443	0.513
0.000	0.000	0.377	0.319

ELEVATION
STATIONS
0.000	0.000	1.0
5.268	1.664	2.0
11.185	0.328	3.0
15.684	-0.095	4.0
17.212	0.748	5.0
22.388	1.973	6.0
26.292	2.483	7.0
34.915	-0.363	8.0
36.807	-0.677	9.0
38.911	0.545	10.0
39.927	1.552	11.0
SHOTS
38.911	0.545	39.927	1.552
39.927	1.552	39.871	1.382
39.927	1.552	39.247	1.930
39.927	1.552	39.442	2.326
39.927	1.552	39.782	2.235
39.927	1.552	39.953	1.961
36.807	-0.677	38.911	0.545
38.911	0.545	38.623	1.249
38.911	0.545	38.727	2.040
38.911	0.545	38.917	2.513
38.911	0.545	39.216	2.155
38.911	0.545	39.859	1.924
38.911	0.545	40.112	1.287
38.911	0.545	40.055	0.724
38.911	0.545	39.295	0.473
34.915	-0.363	36.807	-0.677
36.807	-0.677	36.883	-0.718
36.807	-0.677	37.071	-0.578
36.807	-0.677	37.395	1.211
36.807	-0.677	37.711	2.013
36.807	-0.677	37.274	2.508
36.807	-0.677	37.281	2.110
36.807	-0.677	36.746	2.058
36.807	-0.677	36.253	2.091
36.807	-0.677	35.853	2.227
36.807	-0.677	34.809	1.880
36.807	-0.677	34.674	0.569
36.807	-0.677	34.786	-0.741
36.807	-0.677	36.472	-0.770
26.292	2.483	34.915	-0.363
34.915	-0.363	34.212	-0.734
34.915	-0.363	33.371	-0.779
34.915	-0.363	33.295	0.746
34.915	-0.363	32.293	2.351
34.915	-0.363	32.983	2.842
34.915	-0.363	33.397	3.139
34.915	-0.363	34.063	1.974
34.915	-0.363	34.168	1.433
34.915	-0.363	34.670	0.900
34.915	-0.363	36.016	0.508
34.915	-0.363	35.920	-0.589
34.915	-0.363	35.736	-0.737
34.915	-0.363	35.052	-0.866
22.388	1.973	26.292	2.483
26.292	2.483	26.243	2.487
26.292	2.483	25.404	2.766
26.292	2.483	25.819	3.672
26.292	2.483	26.142	3.628
26.292	2.483	26.293	3.396
26.292	2.483	26.019	2.917
26.292	2.483	25.796	2.114
26.292	2.483	25.736	0.681
26.292	2.483	25.623	-0.403
26.292	2.483	25.754	-0.881
26.292	2.483	25.598	-1.504
26.292	2.483	25.254	-1.818
26.292	2.483	25.838	0.032
26.292	2.483	25.932	1.558
17.212	0.748	22.388	1.973
22.388	1.973	22.083	2.681
22.388	1.973	20.882	2.624
22.388	1.973	18.953	2.615
22.388	1.973	16.695	3.301
22.388	1.973	15.847	2.616
22.388	1.973	15.651	1.058
22.388	1.973	15.126	-0.775
22.388	1.973	15.706	-1.639
22.388	1.973	16.866	-1.582
22.388	1.973	22.240	1.850
22.388	1.973	22.676	1.900
22.388	1.973	24.407	2.253
22.388	1.973	23.871	2.847
22.388	1.973	22.833	2.967
15.684	-0.095	17.212	0.748
17.212	0.748	17.084	-0.197
17.212	0.748	17.976	2.475
17.212	0.748	18.139	1.204
17.212	0.748	17.949	-1.054
17.212	0.748	18.055	-1.471
17.212	0.748	17.671	-0.959
17.212	0.748	17.217	-0.166
17.212	0.748	17.086	0.483
17.212	0.748	16.928	1.695
17.212	0.748	17.484	2.428
17.212	0.748	17.126	4.213
17.212	0.748	17.611	4.015
17.212	0.748	17.864	3.348
11.185	0.328	15.684	-0.095
15.684	-0.095	15.953	-0.464
15.684	-0.095	17.369	-0.073
15.684	-0.095	16.933	0.276
15.684	-0.095	18.152	1.950
15.684	-0.095	18.399	2.397
15.684	-0.095	18.032	2.791
15.684	-0.095	18.027	3.726
15.684	-0.095	17.438	4.019
15.684	-0.095	15.755	3.821
15.684	-0.095	14.486	3.272
15.684	-0.095	13.154	2.611
15.684	-0.095	12.262	0.456
15.684	-0.095	12.340	-0.156
15.684	-0.095	12.805	-1.533
15.684	-0.095	14.178	-1.767
15.684	-0.095	14.819	-1.542
15.684	-0.095	15.365	-0.782
5.268	1.664	11.185	0.328
11.185	0.328	11.480	-0.538
11.185	0.328	11.125	-1.387
11.185	0.328	7.616	-0.415
11.185	0.328	6.062	0.919
11.185	0.328	7.090	1.989
11.185	0.328	7.057	3.412
11.185	0.328	8.284	3.615
11.185	0.328	8.294	3.485
11.185	0.328	9.548	2.914
11.185	0.328	9.966	2.820
11.185	0.328	10.703	1.443
0.000	0.000	5.268	1.664
5.268	1.664	5.209	2.278
5.268	1.664	4.580	2.438
5.268	1.664	4.092	2.321
5.268	1.664	3.083	2.682
5.268	1.664	2.553	2.324
5.268	1.664	1.772	1.047
5.268	1.664	1.023	0.002
5.268	1.664	0.772	-1.594
5.268	1.664	0.942	-1.958
5.268	1.664	3.062	-0.965
5.268	1.664	3.975	-0.430
5.268	1.664	5.700	-0.336
0.000	0.000	0.000	-1.548
0.000	0.000	0.000	-0.869
0.000	0.000	0.000	-0.454
0.000	0.000	0.000	-0.414
0.000	0.000	0.000	0.368
0.000	0.000	0.000	0.858
0.000	0.000	0.000	1.504
0.000	0.000	0.000	1.795
0.000	0.000	0.000	1.193
0.000	0.000	0.000	1.120
