FIX
1.0	0.000	0.000	0.000
TRIP
DATE 2004-01-06 
DECLINATION     0.00
DATA
1.0		32.99	-68.71	1.553	>
1.0		29.15	43.45	0.820	>
1.0		263.55	48.08	0.786	>
1.0		256.70	-73.01	1.607	>
1.0	2.0	10.51	-3.33	0.758	>
2.0		85.24	87.88	0.978	>
2.0		283.39	-89.17	1.498	>
2.0		224.12	-51.61	1.920	>
2.0		258.62	39.72	1.549	>
2.0	3.0	344.72	-0.55	2.083	>
3.0		59.04	-51.11	1.917	>
3.0		71.00	39.59	1.586	>
3.0		218.88	87.72	1.000	>
3.0		136.55	-88.99	1.482	>
3.0	4.0	58.15	3.81	3.341	>
4.0		163.30	89.22	0.769	>
4.0		221.14	-84.89	1.296	>
4.0		244.19	-24.70	4.168	>
4.0		251.69	11.56	3.928	>
4.0	5.0	300.34	-1.35	5.271	>
5.0		59.55	-26.85	3.549	>
5.0		52.79	15.82	3.320	>
5.0		142.43	88.95	0.897	>
5.0		304.51	-89.31	1.603	>
5.0	6.0	26.05	-3.34	2.197	>
6.0		321.30	-73.98	1.518	>
6.0		338.54	65.01	1.165	>
6.0		106.00	74.20	1.066	>
6.0		65.17	-80.79	1.473	>

PLAN
STATIONS
0.000	0.000	1.0
0.138	0.744	2.0
-0.411	2.753	3.0
2.421	4.512	4.0
-2.127	7.174	5.0
-1.164	9.144	6.0
SHOTS
-2.127	7.174	-1.164	9.144
-1.164	9.144	-1.426	9.471
-1.164	9.144	-1.344	9.602
-1.164	9.144	-0.885	9.064
-1.164	9.144	-0.950	9.243
2.421	4.512	-2.127	7.174
-2.127	7.174	0.603	8.779
-2.127	7.174	0.417	9.106
-2.127	7.174	-2.117	7.161
-2.127	7.174	-2.143	7.185
-0.411	2.753	2.421	4.512
2.421	4.512	2.424	4.502
2.421	4.512	2.345	4.425
2.421	4.512	-0.988	2.863
2.421	4.512	-1.232	3.303
0.138	0.744	-0.411	2.753
-0.411	2.753	0.621	3.372
-0.411	2.753	0.745	3.151
-0.411	2.753	-0.436	2.722
-0.411	2.753	-0.393	2.734
0.000	0.000	0.138	0.744
0.138	0.744	0.174	0.747
0.138	0.744	0.117	0.749
0.138	0.744	-0.692	-0.112
0.138	0.744	-1.030	0.509
0.000	0.000	0.307	0.473
0.000	0.000	0.290	0.520
0.000	0.000	-0.522	-0.059
0.000	0.000	-0.457	-0.108

ELEVATION
STATIONS
0.000	0.000	1.0
0.757	-0.044	2.0
2.840	-0.064	3.0
6.174	0.158	4.0
11.444	0.034	5.0
13.637	-0.094	6.0
SHOTS
11.444	0.034	13.637	-0.094
13.637	-0.094	13.816	-1.553
13.637	-0.094	13.969	0.962
13.637	-0.094	13.688	0.932
13.637	-0.094	13.820	-1.548
6.174	0.158	11.444	0.034
11.444	0.034	9.898	-1.569
11.444	0.034	10.224	0.939
11.444	0.034	11.429	0.931
11.444	0.034	11.462	-1.569
2.840	-0.064	6.174	0.158
6.174	0.158	6.171	0.927
6.174	0.158	6.064	-1.133
6.174	0.158	2.407	-1.584
6.174	0.158	2.432	0.945
0.757	-0.044	2.840	-0.064
2.840	-0.064	3.164	-1.556
2.840	-0.064	2.918	0.947
2.840	-0.064	2.816	0.935
2.840	-0.064	2.817	-1.546
0.000	0.000	0.757	-0.044
0.757	-0.044	0.766	0.933
0.757	-0.044	0.758	-1.542
0.757	-0.044	-0.236	-1.549
0.757	-0.044	0.313	0.946
0.000	0.000	0.000	-1.447
0.000	0.000	0.000	0.564
0.000	0.000	0.000	0.585
0.000	0.000	0.000	-1.537
