TRIP
DATE 2004-01-02 
DECLINATION     0.00
DATA
1.0		136.34	-32.59	0.395	>
1.0		132.75	-11.46	1.651	>
1.0		134.09	1.80	1.021	>
1.0		130.19	12.44	0.682	>
1.0		147.98	40.11	0.473	>
1.0		278.40	70.73	0.539	>
1.0		292.38	61.44	0.692	>
1.0		309.93	60.25	2.032	>
1.0		322.06	53.26	2.357	>
1.0		328.28	43.90	2.568	>
1.0		328.50	42.08	2.122	>
1.0		327.36	39.02	2.143	>
1.0		328.03	26.23	1.514	>
1.0		331.07	15.01	1.301	>
1.0		328.49	5.11	1.416	>
1.0		328.00	2.64	2.413	>
1.0		325.74	-1.11	2.470	>
1.0		322.60	-10.27	1.576	>
1.0		319.88	-23.39	1.250	>
1.0		313.25	-44.71	0.748	>
1.0		293.87	-63.46	0.426	>
#1.0	101.1	321.68	26.74	1.376	>
#101.1		158.20	15.78	1.007	>
#101.1		157.54	31.03	1.063	>
#101.1		164.45	45.99	1.165	>
#101.1		178.95	64.00	1.251	>
1.0	2.0	263.40	5.28	1.965	>
2.0		117.36	-71.03	0.790	>
2.0		117.33	-42.83	0.915	>
2.0		113.62	-18.16	1.537	>
2.0		112.57	-13.08	1.728	>
2.0		114.44	-8.43	1.344	>
2.0		117.17	10.92	1.294	>
2.0		112.90	31.64	1.313	>
2.0		111.25	45.77	1.115	>
2.0		108.38	56.45	1.291	>
2.0		104.42	61.74	1.383	>
2.0		95.73	74.82	1.455	>
2.0		10.52	82.53	1.307	>
2.0		328.18	71.52	1.262	>
2.0		314.91	62.21	1.021	>
2.0		321.45	57.10	0.603	>
2.0		301.01	7.84	0.198	>
2.0	3.0	144.46	24.46	1.644	>
3.0		310.14	57.45	0.248	>
3.0		307.22	51.68	0.581	>
3.0		298.99	41.53	0.860	>
3.0		299.07	27.11	1.126	>
3.0		293.93	7.09	1.126	>
3.0		288.17	-16.64	1.205	>
3.0		290.40	-41.31	1.253	>
3.0		284.59	-52.93	1.659	>
3.0		281.14	-62.27	1.435	>
3.0		149.61	-83.27	1.316	>
3.0		108.13	-79.67	1.326	>
3.0		109.95	-75.14	0.514	>
3.0		112.25	-63.45	0.372	>
3.0		116.43	9.40	0.196	>
3.0	4.0	270.80	-6.92	1.229	>
4.0		297.55	-84.00	0.248	>
4.0		141.17	-75.42	0.627	>
4.0		132.41	-69.46	1.205	>
4.0		133.81	-62.15	1.234	>
4.0		139.49	-35.15	2.178	>
4.0		139.54	-28.76	1.723	>
4.0		138.45	-23.52	1.396	>
4.0		138.30	-14.52	1.256	>
4.0		135.91	-0.33	1.197	>
4.0		136.23	16.84	1.173	>
4.0		132.48	33.48	1.023	>
4.0		132.56	47.62	1.011	>
4.0		150.19	66.51	0.873	>
4.0		169.73	80.29	0.765	>
4.0		282.79	77.27	0.656	>
4.0		274.88	68.69	0.583	>
4.0		288.43	2.55	0.247	>
4.0	5.0	214.03	5.03	2.477	>
5.0		341.08	69.32	0.314	>
5.0		348.61	57.73	0.512	>
5.0		347.96	46.90	0.744	>
5.0		343.44	28.39	0.957	>
5.0		342.31	21.45	1.146	>
5.0		342.90	11.65	1.347	>
5.0		344.73	-4.15	1.051	>
5.0		343.92	-13.67	0.974	>
5.0		343.75	-26.32	1.028	>
5.0		340.72	-41.73	1.262	>
5.0		340.96	-49.81	1.339	>
5.0		334.43	-55.55	1.921	>
5.0		327.90	-69.42	1.703	>
5.0		277.82	-88.12	1.573	>
5.0		159.44	-89.18	1.193	>
5.0		169.59	-86.13	0.738	>
5.0		169.28	-77.92	0.642	>
5.0		163.71	-64.30	0.584	>
5.0		168.75	-61.03	0.413	>
5.0	6.0	302.00	-17.88	1.459	>
6.0		175.91	-87.18	0.285	>
6.0		170.54	-78.50	0.549	>
6.0		164.38	-73.70	0.873	>
6.0		158.46	-72.31	1.228	>
6.0		170.03	-48.32	1.632	>
6.0		172.71	-38.48	1.440	>
6.0		172.08	-28.21	1.170	>
6.0		172.08	-16.50	1.158	>
6.0		172.96	-4.75	1.171	>
6.0		172.69	-0.50	1.258	>
6.0		174.16	15.46	1.264	>
6.0		170.20	26.71	1.072	>
6.0		171.53	47.63	0.998	>
6.0		171.23	65.88	0.963	>
6.0		162.23	84.51	0.856	>
6.0		158.96	88.70	0.612	>
6.0		336.21	69.14	0.467	>
6.0	7.0	207.69	6.04	1.255	>
7.0		174.71	75.78	0.221	>
7.0		356.27	81.73	0.320	>
7.0		351.34	66.95	0.390	>
7.0		349.15	48.34	0.743	>
7.0		353.08	41.39	1.018	>
7.0		347.11	31.19	1.006	>
7.0		345.56	25.72	0.912	>
7.0		343.60	22.36	0.712	>
7.0		344.66	12.32	0.708	>
7.0		341.97	9.64	0.908	>
7.0		346.14	1.61	0.960	>
7.0		343.52	-1.71	1.203	>
7.0		342.64	-16.21	1.075	>
7.0		341.92	-31.56	1.081	>
7.0		339.52	-39.01	1.280	>
7.0		335.66	-48.41	1.371	>
7.0		335.95	-53.94	1.576	>
7.0		329.69	-67.34	1.476	>
7.0		310.35	-81.91	1.427	>
7.0		282.43	-82.30	0.971	>
7.0		227.44	-84.76	0.728	>
7.0		228.65	-85.03	0.384	>
7.0	8.0	257.91	-24.63	0.362	>
8.0		109.50	68.31	0.413	>
8.0		46.61	71.15	0.545	>
8.0		7.48	67.98	0.697	>
8.0		345.32	59.01	0.958	>
8.0		325.78	51.56	1.118	>
8.0		315.27	35.18	1.087	>
8.0		307.21	27.64	1.071	>
8.0		302.09	20.73	1.232	>
8.0		303.07	10.14	1.255	>
8.0		302.62	-2.00	1.231	>
8.0		300.45	-13.16	1.309	>
8.0		301.85	-24.41	1.188	>
8.0		301.19	-39.61	1.216	>
8.0		297.83	-49.29	1.711	>
8.0		277.14	-67.30	1.418	>
8.0		271.22	-83.86	1.319	>
8.0		79.45	-83.53	1.308	>
8.0		107.35	-79.76	0.472	>
8.0	9.0	282.11	16.01	1.185	>
9.0		197.47	-77.58	1.658	>
9.0		121.17	-44.70	2.197	>
9.0		120.91	-30.76	2.068	>
9.0		123.96	-18.39	1.864	>
9.0		120.11	2.54	1.780	>
9.0		116.94	11.83	1.673	>
9.0		113.87	26.25	2.229	>
9.0		118.67	41.37	2.088	>
9.0		135.57	46.68	1.970	>
9.0		135.95	48.45	0.707	>
9.0		237.21	54.54	0.398	>
9.0		251.25	8.02	0.229	>
9.0		272.56	-23.05	0.536	>
9.0		274.37	-41.26	0.732	>
9.0		285.21	-64.14	0.708	>
9.0		281.69	-73.05	1.541	>
9.0	10.0	174.20	0.37	1.246	>
10.0		286.03	-52.24	0.455	>
10.0		288.97	-70.30	0.602	>
10.0		295.40	-70.68	1.396	>
10.0		314.88	-78.54	1.684	>
10.0		86.23	-70.30	1.715	>
10.0		89.50	-55.89	1.837	>
10.0		95.00	-33.73	1.489	>
10.0		93.00	-17.64	1.383	>
10.0		92.91	-7.63	1.409	>
10.0		91.27	11.39	1.478	>
10.0		90.87	21.13	1.545	>
10.0		92.98	24.64	1.885	>
10.0		92.75	36.48	1.970	>
10.0		86.65	50.26	1.743	>
10.0		75.36	69.43	1.497	>
10.0		341.22	74.07	1.335	>
10.0		314.23	66.64	1.190	>
10.0		326.60	54.10	0.468	>
10.0		303.02	40.18	0.219	>
10.0	11.0	159.80	-24.22	1.048	>
11.0		143.04	60.26	0.265	>
11.0		145.93	73.12	0.578	>
11.0		139.05	76.33	1.059	>
11.0		131.82	79.23	1.364	>
11.0		162.33	85.02	1.366	>
11.0		280.74	78.45	0.991	>
11.0		302.15	67.69	0.896	>
11.0		315.97	60.60	0.768	>
11.0		315.30	53.00	0.666	>
11.0		323.95	36.67	0.663	>
11.0		323.47	24.43	0.638	>
11.0		320.43	13.99	0.616	>
11.0		321.93	4.52	1.194	>
11.0		320.37	-7.64	1.098	>
11.0		320.70	-22.80	0.988	>
11.0		321.05	-25.13	1.163	>
11.0		320.92	-28.13	1.586	>
11.0		324.00	-36.84	1.571	>
11.0		324.94	-44.38	1.759	>
11.0		318.73	-66.00	1.364	>
11.0		322.90	-68.40	0.671	>
11.0		324.36	-81.03	0.418	>
11.0	12.0	242.63	8.28	1.132	>
12.0		149.23	51.24	0.331	>
12.0		151.77	67.08	0.711	>
12.0		172.51	78.90	0.917	>
12.0		231.77	83.97	0.799	>
12.0		301.86	70.64	0.629	>
12.0		305.16	52.86	0.679	>
12.0		313.36	47.55	0.587	>
12.0		319.67	25.27	0.480	>
12.0		313.45	8.33	0.476	>
12.0		313.46	-3.92	0.526	>
12.0		313.33	-7.29	0.710	>
12.0		313.33	-9.91	0.738	>
12.0		313.48	-11.14	0.952	>
12.0		316.98	-20.78	0.919	>
12.0		317.10	-31.01	0.922	>
12.0		316.94	-36.76	0.993	>
12.0		314.54	-37.15	1.449	>
12.0		316.05	-46.68	1.905	>
12.0		317.36	-56.72	1.813	>
12.0		308.29	-66.61	1.724	>
12.0		319.08	-68.70	0.794	>
12.0		312.82	-72.56	0.496	>
12.0		251.18	-83.06	0.385	>
12.0	13.0	230.62	-21.01	0.689	>
13.0		152.18	59.09	0.317	>
13.0		159.76	65.26	0.456	>
13.0		159.25	67.32	1.076	>
13.0		153.95	73.46	1.224	>
13.0		159.00	81.21	1.478	>
13.0		186.50	86.54	1.318	>
13.0		347.11	75.23	1.424	>
13.0		343.98	62.59	1.370	>
13.0		331.34	45.65	1.456	>
13.0		327.62	32.55	1.351	>
13.0		326.45	25.16	1.094	>
13.0		324.05	17.22	0.956	>
13.0		330.62	14.45	0.998	>
13.0		326.34	1.22	0.985	>
13.0		324.90	-11.04	0.909	>
13.0		327.65	-24.51	1.097	>
13.0		327.76	-34.29	1.615	>
13.0		328.79	-42.97	1.878	>
13.0		327.02	-52.52	1.724	>
13.0		325.81	-61.66	1.612	>
13.0		330.52	-66.05	0.801	>
13.0		328.77	-70.03	0.644	>
13.0	14.0	255.80	-10.72	0.618	>
14.0		133.62	9.15	0.446	>
14.0		130.93	55.64	0.476	>
14.0		127.18	63.77	1.775	>
14.0		120.62	67.53	2.101	>
14.0		128.04	76.51	1.802	>
14.0		155.35	83.13	1.344	>
14.0		308.87	81.68	0.870	>
14.0		308.30	68.88	0.757	>
14.0		313.33	56.34	0.657	>
14.0		318.44	24.91	0.416	>
14.0		317.67	0.39	0.440	>
14.0		315.82	-15.03	0.563	>
14.0		325.90	-28.29	1.019	>
14.0		327.96	-38.91	1.049	>
14.0		325.57	-46.24	1.672	>
14.0		319.09	-66.71	1.355	>
14.0		325.78	-77.13	1.205	>
14.0		315.00	-81.95	0.333	>
14.0	15.0	0.00	0.00	0.000	>
15.0		260.59	38.15	1.081	>
15.0		268.01	19.40	1.132	>
15.0		272.08	-7.39	1.447	>
15.0		277.02	-27.84	1.970	>
15.0		280.50	-36.82	1.740	>
15.0		280.46	-47.87	1.733	>
15.0		283.91	-61.87	1.377	>
15.0		281.96	-67.84	1.292	>
15.0		281.31	-71.72	0.374	>
15.0		72.29	-57.62	0.233	>
15.0	16.0	0.00	0.00	0.000	>
16.0		195.86	66.39	0.439	>
16.0		225.98	30.17	0.672	>
16.0		222.17	0.00	0.958	>
16.0		228.79	-40.60	1.169	>
16.0		233.90	-50.86	0.753	>
16.0		235.28	-60.08	0.620	>
16.0		221.11	-70.90	0.414	>
16.0	17.0	146.10	17.03	1.011	>
17.0		73.61	76.11	0.443	>
17.0		252.18	46.71	0.386	>
17.0		266.89	16.84	0.694	>
17.0		268.39	0.34	0.853	>
17.0		262.69	-12.63	0.910	>
17.0		255.10	-28.45	0.991	>
17.0		249.78	-41.66	1.158	>
17.0		246.78	-51.53	1.231	>
17.0		245.80	-56.03	1.279	>
17.0		245.94	-72.46	1.017	>
17.0		243.43	-82.10	0.748	>
17.0		183.58	-86.95	0.602	>
17.0	18.0	238.12	-16.32	1.217	>
18.0		112.80	-77.73	0.352	>
18.0		111.16	-71.85	1.005	>
18.0		103.20	-49.90	1.081	>
18.0		101.98	-18.89	1.201	>
18.0		99.42	4.43	1.293	>
18.0		97.75	16.96	1.388	>
18.0		96.74	27.91	1.196	>
18.0		96.64	45.16	1.251	>
18.0		97.81	64.64	1.185	>
18.0		135.77	83.65	0.946	>
18.0		268.47	74.64	0.706	>
18.0		277.43	57.79	0.479	>
18.0	19.0	194.42	-47.71	0.692	>
19.0		340.02	-58.03	0.265	>
19.0		25.76	-61.71	0.335	>
19.0		50.75	-63.21	0.673	>
19.0		93.77	-53.03	0.785	>
19.0		104.77	-32.46	0.920	>
19.0		116.57	-10.78	0.860	>
19.0		121.02	4.01	0.930	>
19.0		124.78	18.48	0.786	>
19.0		134.02	23.45	0.676	>
19.0		134.36	37.12	0.719	>
19.0		143.24	51.44	0.641	>
19.0		172.93	64.24	0.580	>
19.0		206.04	71.35	0.456	>
19.0		261.47	61.06	0.293	>
19.0	20.0	142.00	1.00	1.374	>
20.0		112.38	49.55	0.453	>
20.0		104.96	67.07	0.696	>
20.0		80.13	86.44	0.751	>
20.0		275.79	65.60	0.983	>
20.0		288.45	33.21	1.481	>
20.0		291.42	13.34	1.886	>
20.0		289.32	3.68	1.899	>
20.0		289.30	-7.43	1.755	>
20.0		288.39	-22.03	1.805	>
20.0		284.80	-29.49	1.835	>
20.0		281.39	-33.76	1.798	>
20.0		276.10	-45.02	1.344	>
20.0		268.34	-55.58	1.158	>
20.0		264.69	-66.32	0.673	>
20.0	21.0	242.97	-25.55	1.412	>
21.0		112.05	-58.49	0.413	>
21.0		93.51	-27.30	0.826	>
21.0		104.07	7.10	0.850	>
21.0		113.06	18.49	1.305	>
21.0		111.18	50.80	0.889	>
21.0		107.51	67.21	1.158	>
21.0		110.87	79.56	1.069	>
21.0		105.52	86.32	0.874	>
21.0		160.62	85.20	0.684	>
21.0		225.00	76.00	0.567	>
21.0		242.77	59.37	0.528	>
21.0		254.46	50.99	0.528	>
21.0		256.84	38.73	0.366	>
21.0		249.66	10.54	0.290	>
21.0	22.0	186.01	25.93	1.317	>
22.0		162.04	-83.13	0.949	>
22.0		84.24	-63.78	1.128	>
22.0		80.59	-39.55	1.443	>
22.0		76.53	-15.47	1.301	>
22.0		70.65	7.62	1.185	>
22.0		69.54	26.19	1.097	>
22.0		70.55	42.42	1.066	>
22.0		70.51	60.17	1.109	>
22.0		46.49	72.51	1.087	>
22.0		29.96	71.93	0.949	>
22.0		23.78	80.53	0.784	>
22.0		259.80	85.25	0.614	>
22.0		232.09	65.12	0.395	>

PLAN
STATIONS
0.000	0.000	1.0
-1.944	-0.225	2.0
-1.074	-1.443	3.0
-2.294	-1.426	4.0
-3.675	-3.471	5.0
-4.853	-2.735	6.0
-5.433	-3.840	7.0
-5.755	-3.909	8.0
-6.869	-3.670	9.0
-6.743	-4.910	10.0
-6.413	-5.807	11.0
-7.408	-6.322	12.0
-7.905	-6.730	13.0
-8.494	-6.879	14.0
-8.494	-6.879	15.0
-8.494	-6.879	16.0
-7.955	-7.681	17.0
-8.947	-8.298	18.0
-9.063	-8.749	19.0
-8.217	-9.832	20.0
-9.352	-10.411	21.0
-9.476	-11.589	22.0
-0.762	0.964	101.1
SHOTS
-9.352	-10.411	-9.476	-11.589
-9.476	-11.589	-9.441	-11.697
-9.476	-11.589	-8.980	-11.539
-9.476	-11.589	-8.378	-11.407
-9.476	-11.589	-8.257	-11.297
-9.476	-11.589	-8.368	-11.200
-9.476	-11.589	-8.554	-11.245
-9.476	-11.589	-8.734	-11.327
-9.476	-11.589	-8.956	-11.405
-9.476	-11.589	-9.239	-11.364
-9.476	-11.589	-9.329	-11.334
-9.476	-11.589	-9.424	-11.471
-9.476	-11.589	-9.526	-11.598
-9.476	-11.589	-9.607	-11.691
-8.217	-9.832	-9.352	-10.411
-9.352	-10.411	-9.152	-10.492
-9.352	-10.411	-8.619	-10.456
-9.352	-10.411	-8.534	-10.616
-9.352	-10.411	-8.213	-10.896
-9.352	-10.411	-8.828	-10.614
-9.352	-10.411	-8.924	-10.546
-9.352	-10.411	-9.171	-10.480
-9.352	-10.411	-9.298	-10.426
-9.352	-10.411	-9.333	-10.465
-9.352	-10.411	-9.449	-10.508
-9.352	-10.411	-9.591	-10.534
-9.352	-10.411	-9.672	-10.500
-9.352	-10.411	-9.630	-10.476
-9.352	-10.411	-9.619	-10.510
-9.063	-8.749	-8.217	-9.832
-8.217	-9.832	-7.945	-9.944
-8.217	-9.832	-7.955	-9.902
-8.217	-9.832	-8.171	-9.824
-8.217	-9.832	-8.621	-9.791
-8.217	-9.832	-9.392	-9.440
-8.217	-9.832	-9.925	-9.162
-8.217	-9.832	-10.005	-9.205
-8.217	-9.832	-9.859	-9.257
-8.217	-9.832	-9.805	-9.304
-8.217	-9.832	-9.761	-9.424
-8.217	-9.832	-9.682	-9.537
-8.217	-9.832	-9.162	-9.731
-8.217	-9.832	-8.871	-9.851
-8.217	-9.832	-8.486	-9.857
-8.947	-8.298	-9.063	-8.749
-9.063	-8.749	-9.111	-8.617
-9.063	-8.749	-8.994	-8.606
-9.063	-8.749	-8.828	-8.557
-9.063	-8.749	-8.592	-8.780
-9.063	-8.749	-8.312	-8.947
-9.063	-8.749	-8.307	-9.127
-9.063	-8.749	-8.268	-9.227
-9.063	-8.749	-8.451	-9.174
-9.063	-8.749	-8.617	-9.180
-9.063	-8.749	-8.653	-9.150
-9.063	-8.749	-8.824	-9.069
-9.063	-8.749	-9.032	-8.999
-9.063	-8.749	-9.127	-8.880
-9.063	-8.749	-9.203	-8.770
-7.955	-7.681	-8.947	-8.298
-8.947	-8.298	-8.878	-8.327
-8.947	-8.298	-8.655	-8.411
-8.947	-8.298	-8.269	-8.457
-8.947	-8.298	-7.835	-8.534
-8.947	-8.298	-7.675	-8.509
-8.947	-8.298	-7.631	-8.477
-8.947	-8.298	-7.897	-8.422
-8.947	-8.298	-8.071	-8.400
-8.947	-8.298	-8.444	-8.367
-8.947	-8.298	-8.874	-8.373
-8.947	-8.298	-9.134	-8.303
-8.947	-8.298	-9.200	-8.265
-8.494	-6.879	-7.955	-7.681
-7.955	-7.681	-7.853	-7.651
-7.955	-7.681	-8.207	-7.762
-7.955	-7.681	-8.618	-7.717
-7.955	-7.681	-8.808	-7.705
-7.955	-7.681	-8.836	-7.794
-7.955	-7.681	-8.797	-7.905
-7.955	-7.681	-8.767	-7.980
-7.955	-7.681	-8.659	-7.983
-7.955	-7.681	-8.607	-7.974
-7.955	-7.681	-8.235	-7.806
-7.955	-7.681	-8.047	-7.727
-7.955	-7.681	-7.957	-7.713
-8.494	-6.879	-8.494	-6.879
-8.494	-6.879	-8.542	-7.048
-8.494	-6.879	-8.912	-7.283
-8.494	-6.879	-9.137	-7.589
-8.494	-6.879	-9.162	-7.464
-8.494	-6.879	-8.878	-7.159
-8.494	-6.879	-8.748	-7.055
-8.494	-6.879	-8.583	-6.981
-8.494	-6.879	-8.494	-6.879
-8.494	-6.879	-9.333	-7.018
-8.494	-6.879	-9.561	-6.916
-8.494	-6.879	-9.928	-6.827
-8.494	-6.879	-10.223	-6.666
-8.494	-6.879	-9.864	-6.625
-8.494	-6.879	-9.637	-6.668
-8.494	-6.879	-9.124	-6.723
-8.494	-6.879	-8.971	-6.778
-8.494	-6.879	-8.609	-6.856
-8.494	-6.879	-8.375	-6.841
-7.905	-6.730	-8.494	-6.879
-8.494	-6.879	-8.175	-7.183
-8.494	-6.879	-8.291	-7.055
-8.494	-6.879	-7.869	-7.353
-8.494	-6.879	-7.803	-7.288
-8.494	-6.879	-8.163	-7.138
-8.494	-6.879	-8.427	-7.025
-8.494	-6.879	-8.592	-6.800
-8.494	-6.879	-8.708	-6.710
-8.494	-6.879	-8.759	-6.629
-8.494	-6.879	-8.744	-6.597
-8.494	-6.879	-8.790	-6.554
-8.494	-6.879	-8.873	-6.489
-8.494	-6.879	-8.997	-6.136
-8.494	-6.879	-8.927	-6.187
-8.494	-6.879	-9.148	-5.925
-8.494	-6.879	-8.845	-6.474
-8.494	-6.879	-8.645	-6.657
-8.494	-6.879	-8.527	-6.846
-7.408	-6.322	-7.905	-6.730
-7.905	-6.730	-7.829	-6.874
-7.905	-6.730	-7.839	-6.909
-7.905	-6.730	-7.758	-7.118
-7.905	-6.730	-7.752	-7.043
-7.905	-6.730	-7.824	-6.941
-7.905	-6.730	-7.914	-6.809
-7.905	-6.730	-7.986	-6.376
-7.905	-6.730	-8.079	-6.124
-7.905	-6.730	-8.393	-5.837
-7.905	-6.730	-8.515	-5.768
-7.905	-6.730	-8.452	-5.905
-7.905	-6.730	-8.441	-5.991
-7.905	-6.730	-8.379	-5.888
-7.905	-6.730	-8.451	-5.910
-7.905	-6.730	-8.418	-6.000
-7.905	-6.730	-8.439	-5.887
-7.905	-6.730	-8.617	-5.601
-7.905	-6.730	-8.617	-5.555
-7.905	-6.730	-8.476	-5.850
-7.905	-6.730	-8.335	-6.097
-7.905	-6.730	-8.065	-6.447
-7.905	-6.730	-8.019	-6.542
-6.413	-5.807	-7.408	-6.322
-7.408	-6.322	-7.302	-6.500
-7.408	-6.322	-7.277	-6.566
-7.408	-6.322	-7.385	-6.497
-7.408	-6.322	-7.474	-6.374
-7.408	-6.322	-7.585	-6.212
-7.408	-6.322	-7.743	-6.086
-7.408	-6.322	-7.696	-6.050
-7.408	-6.322	-7.689	-5.991
-7.408	-6.322	-7.750	-5.998
-7.408	-6.322	-7.789	-5.961
-7.408	-6.322	-7.920	-5.839
-7.408	-6.322	-7.937	-5.823
-7.408	-6.322	-8.086	-5.679
-7.408	-6.322	-7.994	-5.694
-7.408	-6.322	-7.946	-5.743
-7.408	-6.322	-7.951	-5.741
-7.408	-6.322	-8.231	-5.512
-7.408	-6.322	-8.315	-5.381
-7.408	-6.322	-8.082	-5.590
-7.408	-6.322	-7.945	-5.898
-7.408	-6.322	-7.597	-6.104
-7.408	-6.322	-7.517	-6.221
-7.408	-6.322	-7.452	-6.337
-6.743	-4.910	-6.413	-5.807
-6.413	-5.807	-6.334	-5.912
-6.413	-5.807	-6.319	-5.946
-6.413	-5.807	-6.249	-5.996
-6.413	-5.807	-6.223	-5.977
-6.413	-5.807	-6.377	-5.920
-6.413	-5.807	-6.608	-5.770
-6.413	-5.807	-6.701	-5.626
-6.413	-5.807	-6.675	-5.536
-6.413	-5.807	-6.695	-5.522
-6.413	-5.807	-6.726	-5.377
-6.413	-5.807	-6.759	-5.340
-6.413	-5.807	-6.794	-5.346
-6.413	-5.807	-7.147	-4.870
-6.413	-5.807	-7.107	-4.969
-6.413	-5.807	-6.990	-5.102
-6.413	-5.807	-7.075	-4.988
-6.413	-5.807	-7.295	-4.721
-6.413	-5.807	-7.152	-4.790
-6.413	-5.807	-7.135	-4.778
-6.413	-5.807	-6.779	-5.390
-6.413	-5.807	-6.562	-5.610
-6.413	-5.807	-6.451	-5.754
-6.869	-3.670	-6.743	-4.910
-6.743	-4.910	-7.011	-4.833
-6.743	-4.910	-6.935	-4.844
-6.743	-4.910	-7.160	-4.712
-6.743	-4.910	-6.980	-4.674
-6.743	-4.910	-6.166	-4.872
-6.743	-4.910	-5.713	-4.901
-6.743	-4.910	-5.509	-5.018
-6.743	-4.910	-5.427	-4.979
-6.743	-4.910	-5.348	-4.981
-6.743	-4.910	-5.294	-4.942
-6.743	-4.910	-5.302	-4.932
-6.743	-4.910	-5.032	-4.999
-6.743	-4.910	-5.161	-4.986
-6.743	-4.910	-5.631	-4.845
-6.743	-4.910	-6.234	-4.777
-6.743	-4.910	-6.861	-4.563
-6.743	-4.910	-7.081	-4.581
-6.743	-4.910	-6.894	-4.681
-6.743	-4.910	-6.883	-4.819
-5.755	-3.909	-6.869	-3.670
-6.869	-3.670	-6.976	-4.010
-6.869	-3.670	-5.533	-4.478
-6.869	-3.670	-5.344	-4.583
-6.869	-3.670	-5.402	-4.658
-6.869	-3.670	-5.331	-4.562
-6.869	-3.670	-5.409	-4.412
-6.869	-3.670	-5.041	-4.479
-6.869	-3.670	-5.494	-4.422
-6.869	-3.670	-5.923	-4.635
-6.869	-3.670	-6.543	-4.007
-6.869	-3.670	-7.063	-3.795
-6.869	-3.670	-7.084	-3.743
-6.869	-3.670	-7.362	-3.648
-6.869	-3.670	-7.418	-3.628
-6.869	-3.670	-7.167	-3.589
-6.869	-3.670	-7.309	-3.579
-5.433	-3.840	-5.755	-3.909
-5.755	-3.909	-5.611	-3.960
-5.755	-3.909	-5.627	-3.788
-5.755	-3.909	-5.721	-3.650
-5.755	-3.909	-5.880	-3.432
-5.755	-3.909	-6.146	-3.334
-5.755	-3.909	-6.380	-3.278
-5.755	-3.909	-6.511	-3.335
-5.755	-3.909	-6.731	-3.297
-5.755	-3.909	-6.790	-3.235
-5.755	-3.909	-6.791	-3.246
-5.755	-3.909	-6.854	-3.263
-5.755	-3.909	-6.674	-3.338
-5.755	-3.909	-6.556	-3.424
-5.755	-3.909	-6.742	-3.388
-5.755	-3.909	-6.298	-3.841
-5.755	-3.909	-5.896	-3.906
-5.755	-3.909	-5.610	-3.882
-5.755	-3.909	-5.675	-3.934
-4.853	-2.735	-5.433	-3.840
-5.433	-3.840	-5.428	-3.894
-5.433	-3.840	-5.436	-3.794
-5.433	-3.840	-5.456	-3.689
-5.433	-3.840	-5.526	-3.355
-5.433	-3.840	-5.525	-3.082
-5.433	-3.840	-5.625	-3.001
-5.433	-3.840	-5.638	-3.044
-5.433	-3.840	-5.619	-3.208
-5.433	-3.840	-5.616	-3.173
-5.433	-3.840	-5.710	-2.989
-5.433	-3.840	-5.663	-2.908
-5.433	-3.840	-5.774	-2.687
-5.433	-3.840	-5.741	-2.855
-5.433	-3.840	-5.719	-2.964
-5.433	-3.840	-5.781	-2.908
-5.433	-3.840	-5.808	-3.011
-5.433	-3.840	-5.811	-2.993
-5.433	-3.840	-5.720	-3.349
-5.433	-3.840	-5.586	-3.710
-5.433	-3.840	-5.560	-3.812
-5.433	-3.840	-5.482	-3.885
-5.433	-3.840	-5.458	-3.862
-3.675	-3.471	-4.853	-2.735
-4.853	-2.735	-4.852	-2.749
-4.853	-2.735	-4.835	-2.843
-4.853	-2.735	-4.787	-2.971
-4.853	-2.735	-4.716	-3.082
-4.853	-2.735	-4.665	-3.804
-4.853	-2.735	-4.710	-3.853
-4.853	-2.735	-4.711	-3.756
-4.853	-2.735	-4.700	-3.835
-4.853	-2.735	-4.710	-3.893
-4.853	-2.735	-4.693	-3.983
-4.853	-2.735	-4.729	-3.947
-4.853	-2.735	-4.690	-3.679
-4.853	-2.735	-4.754	-3.400
-4.853	-2.735	-4.793	-3.124
-4.853	-2.735	-4.828	-2.813
-4.853	-2.735	-4.848	-2.748
-4.853	-2.735	-4.920	-2.583
-2.294	-1.426	-3.675	-3.471
-3.675	-3.471	-3.711	-3.366
-3.675	-3.471	-3.729	-3.203
-3.675	-3.471	-3.781	-2.974
-3.675	-3.471	-3.915	-2.664
-3.675	-3.471	-3.999	-2.455
-3.675	-3.471	-4.063	-2.210
-3.675	-3.471	-3.951	-2.460
-3.675	-3.471	-3.937	-2.562
-3.675	-3.471	-3.933	-2.586
-3.675	-3.471	-3.986	-2.582
-3.675	-3.471	-3.957	-2.654
-3.675	-3.471	-4.144	-2.491
-3.675	-3.471	-3.993	-2.964
-3.675	-3.471	-3.726	-3.464
-3.675	-3.471	-3.669	-3.487
-3.675	-3.471	-3.666	-3.520
-3.675	-3.471	-3.650	-3.603
-3.675	-3.471	-3.604	-3.714
-3.675	-3.471	-3.636	-3.667
-1.074	-1.443	-2.294	-1.426
-2.294	-1.426	-2.317	-1.414
-2.294	-1.426	-2.195	-1.549
-2.294	-1.426	-1.982	-1.711
-2.294	-1.426	-1.878	-1.825
-2.294	-1.426	-1.137	-2.780
-2.294	-1.426	-1.314	-2.575
-2.294	-1.426	-1.445	-2.384
-2.294	-1.426	-1.485	-2.334
-2.294	-1.426	-1.461	-2.286
-2.294	-1.426	-1.517	-2.237
-2.294	-1.426	-1.665	-2.002
-2.294	-1.426	-1.792	-1.887
-2.294	-1.426	-2.121	-1.728
-2.294	-1.426	-2.271	-1.553
-2.294	-1.426	-2.435	-1.394
-2.294	-1.426	-2.505	-1.408
-2.294	-1.426	-2.528	-1.348
-1.944	-0.225	-1.074	-1.443
-1.074	-1.443	-1.176	-1.357
-1.074	-1.443	-1.361	-1.225
-1.074	-1.443	-1.637	-1.131
-1.074	-1.443	-1.950	-0.956
-1.074	-1.443	-2.095	-0.990
-1.074	-1.443	-2.171	-1.083
-1.074	-1.443	-1.956	-1.115
-1.074	-1.443	-2.042	-1.191
-1.074	-1.443	-1.729	-1.314
-1.074	-1.443	-0.996	-1.576
-1.074	-1.443	-0.848	-1.517
-1.074	-1.443	-0.950	-1.488
-1.074	-1.443	-0.920	-1.506
-1.074	-1.443	-0.901	-1.529
0.000	0.000	-1.944	-0.225
-1.944	-0.225	-1.716	-0.343
-1.944	-0.225	-1.348	-0.533
-1.944	-0.225	-0.606	-0.810
-1.944	-0.225	-0.390	-0.871
-1.944	-0.225	-0.734	-0.775
-1.944	-0.225	-0.814	-0.805
-1.944	-0.225	-0.914	-0.660
-1.944	-0.225	-1.219	-0.507
-1.944	-0.225	-1.267	-0.450
-1.944	-0.225	-1.310	-0.388
-1.944	-0.225	-1.565	-0.263
-1.944	-0.225	-1.913	-0.058
-1.944	-0.225	-2.155	0.115
-1.944	-0.225	-2.281	0.111
-1.944	-0.225	-2.148	0.031
-1.944	-0.225	-2.112	-0.124
0.000	0.000	-0.762	0.964
-0.762	0.964	-0.402	0.064
-0.762	0.964	-0.414	0.122
-0.762	0.964	-0.545	0.184
-0.762	0.964	-0.752	0.416
0.000	0.000	0.230	-0.241
0.000	0.000	1.188	-1.098
0.000	0.000	0.733	-0.710
0.000	0.000	0.509	-0.430
0.000	0.000	0.192	-0.307
0.000	0.000	-0.176	0.026
0.000	0.000	-0.306	0.126
0.000	0.000	-0.773	0.647
0.000	0.000	-0.867	1.112
0.000	0.000	-0.973	1.574
0.000	0.000	-0.823	1.343
0.000	0.000	-0.898	1.402
0.000	0.000	-0.719	1.152
0.000	0.000	-0.608	1.100
0.000	0.000	-0.737	1.202
0.000	0.000	-1.277	2.044
0.000	0.000	-1.390	2.041
0.000	0.000	-0.942	1.232
0.000	0.000	-0.739	0.877
0.000	0.000	-0.387	0.364
0.000	0.000	-0.174	0.077

ELEVATION
STATIONS
0.000	0.000	1.0
1.957	0.181	2.0
3.454	0.862	3.0
4.674	0.714	4.0
7.141	0.931	5.0
8.530	0.483	6.0
9.778	0.615	7.0
10.107	0.464	8.0
11.246	0.791	9.0
12.492	0.799	10.0
13.448	0.369	11.0
14.569	0.532	12.0
15.212	0.285	13.0
15.820	0.170	14.0
15.820	0.170	15.0
15.820	0.170	16.0
16.786	0.466	17.0
17.954	0.124	18.0
18.420	-0.388	19.0
19.794	-0.364	20.0
21.068	-0.973	21.0
22.253	-0.397	22.0
1.229	0.619	101.1
SHOTS
21.068	-0.973	22.253	-0.397
22.253	-0.397	22.357	-1.339
22.253	-0.397	22.151	-1.409
22.253	-0.397	21.957	-1.316
22.253	-0.397	21.835	-0.744
22.253	-0.397	21.750	-0.240
22.253	-0.397	21.814	0.087
22.253	-0.397	21.914	0.322
22.253	-0.397	22.015	0.565
22.253	-0.397	22.004	0.640
22.253	-0.397	21.984	0.505
22.253	-0.397	22.130	0.376
22.253	-0.397	22.267	0.215
22.253	-0.397	22.368	-0.039
19.794	-0.364	21.068	-0.973
21.068	-0.973	20.926	-1.325
21.068	-0.973	20.435	-1.352
21.068	-0.973	20.432	-0.868
21.068	-0.973	20.273	-0.559
21.068	-0.973	20.693	-0.284
21.068	-0.973	20.748	0.095
21.068	-0.973	20.937	0.078
21.068	-0.973	21.026	-0.101
21.068	-0.973	21.075	-0.291
21.068	-0.973	21.198	-0.423
21.068	-0.973	21.336	-0.519
21.068	-0.973	21.393	-0.563
21.068	-0.973	21.344	-0.744
21.068	-0.973	21.351	-0.920
18.420	-0.388	19.794	-0.364
19.794	-0.364	20.049	-0.019
19.794	-0.364	20.010	0.277
19.794	-0.364	19.816	0.386
19.794	-0.364	19.512	0.531
19.794	-0.364	18.761	0.447
19.794	-0.364	18.214	0.071
19.794	-0.364	18.198	-0.242
19.794	-0.364	18.329	-0.591
19.794	-0.364	18.400	-1.041
19.794	-0.364	18.521	-1.267
19.794	-0.364	18.659	-1.363
19.794	-0.364	19.132	-1.315
19.794	-0.364	19.406	-1.319
19.794	-0.364	19.648	-0.980
17.954	0.124	18.420	-0.388
18.420	-0.388	18.304	-0.613
18.420	-0.388	18.264	-0.683
18.420	-0.388	18.175	-0.989
18.420	-0.388	18.333	-1.015
18.420	-0.388	18.424	-0.882
18.420	-0.388	18.599	-0.549
18.420	-0.388	18.685	-0.323
18.420	-0.388	18.680	-0.139
18.420	-0.388	18.726	-0.119
18.420	-0.388	18.707	0.046
18.420	-0.388	18.670	0.113
18.420	-0.388	18.654	0.134
18.420	-0.388	18.563	0.044
18.420	-0.388	18.474	-0.132
16.786	0.466	17.954	0.124
17.954	0.124	17.910	-0.220
17.954	0.124	17.765	-0.831
17.954	0.124	17.462	-0.703
17.954	0.124	17.134	-0.265
17.954	0.124	16.985	0.224
17.954	0.124	16.931	0.529
17.954	0.124	17.128	0.684
17.954	0.124	17.264	1.011
17.954	0.124	17.562	1.195
17.954	0.124	17.931	1.064
17.954	0.124	18.115	0.805
17.954	0.124	18.151	0.529
15.820	0.170	16.786	0.466
16.786	0.466	16.818	0.896
16.786	0.466	16.712	0.747
16.786	0.466	16.445	0.667
16.786	0.466	16.330	0.471
16.786	0.466	16.388	0.267
16.786	0.466	16.502	-0.006
16.786	0.466	16.581	-0.304
16.786	0.466	16.644	-0.498
16.786	0.466	16.665	-0.595
16.786	0.466	16.733	-0.504
16.786	0.466	16.772	-0.275
16.786	0.466	16.811	-0.135
15.820	0.170	15.820	0.170
15.820	0.170	15.820	0.572
15.820	0.170	15.820	0.508
15.820	0.170	15.820	0.170
15.820	0.170	15.820	-0.591
15.820	0.170	15.820	-0.414
15.820	0.170	15.820	-0.367
15.820	0.170	15.820	-0.221
15.820	0.170	15.820	0.170
15.820	0.170	15.820	0.838
15.820	0.170	15.820	0.546
15.820	0.170	15.820	-0.016
15.820	0.170	15.820	-0.750
15.820	0.170	15.820	-0.873
15.820	0.170	15.820	-1.115
15.820	0.170	15.820	-1.044
15.820	0.170	15.820	-1.027
15.820	0.170	15.820	-0.185
15.820	0.170	15.820	-0.027
15.212	0.285	15.820	0.170
15.820	0.170	15.585	0.241
15.820	0.170	15.666	0.563
15.820	0.170	15.330	1.762
15.820	0.170	15.250	2.111
15.820	0.170	15.563	1.922
15.820	0.170	15.790	1.504
15.820	0.170	15.896	1.031
15.820	0.170	15.985	0.876
15.820	0.170	16.015	0.717
15.820	0.170	15.993	0.345
15.820	0.170	16.026	0.173
15.820	0.170	16.091	0.024
15.820	0.170	16.124	-0.313
15.820	0.170	16.069	-0.489
15.820	0.170	16.219	-1.038
15.820	0.170	16.060	-1.075
15.820	0.170	15.911	-1.005
15.820	0.170	15.843	-0.160
14.569	0.532	15.212	0.285
15.212	0.285	15.245	0.557
15.212	0.285	15.274	0.699
15.212	0.285	15.344	1.278
15.212	0.285	15.292	1.458
15.212	0.285	15.283	1.746
15.212	0.285	15.268	1.601
15.212	0.285	15.049	1.662
15.212	0.285	14.961	1.501
15.212	0.285	15.021	1.326
15.212	0.285	15.072	1.012
15.212	0.285	15.111	0.750
15.212	0.285	15.157	0.568
15.212	0.285	15.044	0.534
15.212	0.285	15.113	0.306
15.212	0.285	15.145	0.111
15.212	0.285	15.089	-0.170
15.212	0.285	15.045	-0.625
15.212	0.285	15.016	-0.995
15.212	0.285	15.094	-1.083
15.212	0.285	15.143	-1.134
15.212	0.285	15.155	-0.447
15.212	0.285	15.180	-0.320
13.448	0.369	14.569	0.532
14.569	0.532	14.556	0.790
14.569	0.532	14.564	1.187
14.569	0.532	14.628	1.432
14.569	0.532	14.651	1.327
14.569	0.532	14.675	1.125
14.569	0.532	14.758	1.073
14.569	0.532	14.699	0.965
14.569	0.532	14.665	0.737
14.569	0.532	14.723	0.601
14.569	0.532	14.741	0.496
14.569	0.532	14.801	0.442
14.569	0.532	14.809	0.405
14.569	0.532	14.875	0.348
14.569	0.532	14.800	0.206
14.569	0.532	14.780	0.057
14.569	0.532	14.784	-0.062
14.569	0.532	14.927	-0.343
14.569	0.532	14.942	-0.854
14.569	0.532	14.830	-0.984
14.569	0.532	14.851	-1.050
14.569	0.532	14.636	-0.208
14.569	0.532	14.619	0.059
14.569	0.532	14.615	0.150
12.492	0.799	13.448	0.369
13.448	0.369	13.573	0.599
13.448	0.369	13.611	0.922
13.448	0.369	13.681	1.398
13.448	0.369	13.672	1.709
13.448	0.369	13.566	1.730
13.448	0.369	13.346	1.340
13.448	0.369	13.178	1.198
13.448	0.369	13.103	1.038
13.448	0.369	13.083	0.901
13.448	0.369	12.936	0.765
13.448	0.369	12.890	0.633
13.448	0.369	12.883	0.518
13.448	0.369	12.315	0.463
13.448	0.369	12.421	0.223
13.448	0.369	12.587	-0.014
13.448	0.369	12.450	-0.125
13.448	0.369	12.124	-0.379
13.448	0.369	12.238	-0.573
13.448	0.369	12.232	-0.861
13.448	0.369	12.930	-0.877
13.448	0.369	13.211	-0.255
13.448	0.369	13.385	-0.044
11.246	0.791	12.492	0.799
12.492	0.799	12.388	0.439
12.492	0.799	12.406	0.232
12.492	0.799	12.252	-0.518
12.492	0.799	12.233	-0.851
12.492	0.799	12.511	-0.816
12.492	0.799	12.586	-0.722
12.492	0.799	12.723	-0.028
12.492	0.799	12.693	0.380
12.492	0.799	12.703	0.612
12.492	0.799	12.669	1.091
12.492	0.799	12.659	1.356
12.492	0.799	12.753	1.585
12.492	0.799	12.726	1.970
12.492	0.799	12.539	2.139
12.492	0.799	12.410	2.201
12.492	0.799	12.134	2.083
12.492	0.799	12.130	1.891
12.492	0.799	12.249	1.178
12.492	0.799	12.387	0.940
10.107	0.464	11.246	0.791
11.246	0.791	11.278	-0.828
11.246	0.791	9.770	-0.754
11.246	0.791	9.563	-0.267
11.246	0.791	9.603	0.203
11.246	0.791	9.554	0.870
11.246	0.791	9.662	1.134
11.246	0.791	9.288	1.777
11.246	0.791	9.743	2.171
11.246	0.791	10.118	2.224
11.246	0.791	10.856	1.320
11.246	0.791	11.409	1.115
11.246	0.791	11.440	0.823
11.246	0.791	11.732	0.581
11.246	0.791	11.791	0.308
11.246	0.791	11.554	0.154
11.246	0.791	11.694	-0.683
9.778	0.615	10.107	0.464
10.107	0.464	9.976	0.848
10.107	0.464	9.956	0.980
10.107	0.464	10.019	1.110
10.107	0.464	10.129	1.285
10.107	0.464	10.368	1.340
10.107	0.464	10.585	1.090
10.107	0.464	10.725	0.961
10.107	0.464	10.933	0.900
10.107	0.464	10.977	0.685
10.107	0.464	10.980	0.421
10.107	0.464	11.046	0.166
10.107	0.464	10.886	-0.027
10.107	0.464	10.788	-0.311
10.107	0.464	10.962	-0.833
10.107	0.464	10.623	-0.844
10.107	0.464	10.244	-0.847
10.107	0.464	9.959	-0.836
10.107	0.464	10.033	0.000
8.530	0.483	9.778	0.615
9.778	0.615	9.823	0.829
9.778	0.615	9.738	0.932
9.778	0.615	9.654	0.974
9.778	0.615	9.392	1.170
9.778	0.615	9.149	1.288
9.778	0.615	9.123	1.136
9.778	0.615	9.168	1.011
9.778	0.615	9.304	0.886
9.778	0.615	9.271	0.766
9.778	0.615	9.153	0.767
9.778	0.615	9.059	0.642
9.778	0.615	8.916	0.579
9.778	0.615	9.049	0.315
9.778	0.615	9.135	0.049
9.778	0.615	9.114	-0.191
9.778	0.615	9.218	-0.410
9.778	0.615	9.203	-0.659
9.778	0.615	9.476	-0.747
9.778	0.615	9.733	-0.798
9.778	0.615	9.812	-0.347
9.778	0.615	9.841	-0.110
9.778	0.615	9.808	0.232
7.141	0.931	8.530	0.483
8.530	0.483	8.521	0.198
8.530	0.483	8.457	-0.055
8.530	0.483	8.348	-0.355
8.530	0.483	8.229	-0.687
8.530	0.483	7.804	-0.736
8.530	0.483	7.816	-0.413
8.530	0.483	7.868	-0.070
8.530	0.483	7.816	0.154
8.530	0.483	7.795	0.386
8.530	0.483	7.732	0.472
8.530	0.483	7.782	0.820
8.530	0.483	7.891	0.965
8.530	0.483	8.093	1.220
8.530	0.483	8.272	1.362
8.530	0.483	8.467	1.335
8.530	0.483	8.519	1.095
8.530	0.483	8.667	0.919
4.674	0.714	7.141	0.931
7.141	0.931	7.074	1.225
7.141	0.931	6.949	1.364
7.141	0.931	6.788	1.474
7.141	0.931	6.606	1.386
7.141	0.931	6.480	1.350
7.141	0.931	6.313	1.203
7.141	0.931	6.457	0.855
7.141	0.931	6.534	0.701
7.141	0.931	6.551	0.475
7.141	0.931	6.577	0.091
7.141	0.931	6.622	-0.092
7.141	0.931	6.591	-0.653
7.141	0.931	6.899	-0.663
7.141	0.931	7.163	-0.641
7.141	0.931	7.151	-0.262
7.141	0.931	7.177	0.195
7.141	0.931	7.236	0.303
7.141	0.931	7.302	0.405
7.141	0.931	7.281	0.570
3.454	0.862	4.674	0.714
4.674	0.714	4.697	0.467
4.674	0.714	4.573	0.107
4.674	0.714	4.357	-0.414
4.674	0.714	4.252	-0.377
4.674	0.714	3.498	-0.540
4.674	0.714	3.678	-0.115
4.674	0.714	3.811	0.157
4.674	0.714	3.853	0.399
4.674	0.714	3.829	0.707
4.674	0.714	3.886	1.054
4.674	0.714	4.036	1.278
4.674	0.714	4.165	1.461
4.674	0.714	4.497	1.515
4.674	0.714	4.648	1.468
4.674	0.714	4.814	1.354
4.674	0.714	4.885	1.257
4.674	0.714	4.909	0.725
1.957	0.181	3.454	0.862
3.454	0.862	3.325	1.071
3.454	0.862	3.110	1.318
3.454	0.862	2.872	1.432
3.454	0.862	2.548	1.375
3.454	0.862	2.492	1.001
3.454	0.862	2.523	0.517
3.454	0.862	2.674	0.035
3.454	0.862	2.686	-0.462
3.454	0.862	2.968	-0.408
3.454	0.862	3.607	-0.445
3.454	0.862	3.645	-0.443
3.454	0.862	3.562	0.365
3.454	0.862	3.594	0.529
3.454	0.862	3.624	0.894
0.000	0.000	1.957	0.181
1.957	0.181	1.743	-0.566
1.957	0.181	1.400	-0.441
1.957	0.181	0.695	-0.298
1.957	0.181	0.487	-0.210
1.957	0.181	0.818	-0.016
1.957	0.181	0.901	0.426
1.957	0.181	0.984	0.870
1.957	0.181	1.269	0.980
1.957	0.181	1.310	1.257
1.957	0.181	1.345	1.399
1.957	0.181	1.584	1.585
1.957	0.181	1.906	1.477
1.957	0.181	2.127	1.378
1.957	0.181	2.253	1.084
1.957	0.181	2.130	0.687
1.957	0.181	2.112	0.208
0.000	0.000	1.229	0.619
1.229	0.619	0.299	0.893
1.229	0.619	0.352	1.167
1.229	0.619	0.482	1.457
1.229	0.619	0.793	1.743
0.000	0.000	0.000	-0.213
0.000	0.000	0.000	-0.328
0.000	0.000	0.000	0.032
0.000	0.000	0.000	0.147
0.000	0.000	0.000	0.305
0.000	0.000	0.000	0.509
0.000	0.000	0.000	0.608
0.000	0.000	0.000	1.764
0.000	0.000	0.000	1.889
0.000	0.000	0.000	1.781
0.000	0.000	0.000	1.422
0.000	0.000	0.000	1.349
0.000	0.000	0.000	0.669
0.000	0.000	0.000	0.337
0.000	0.000	0.000	0.126
0.000	0.000	0.000	0.111
0.000	0.000	0.000	-0.048
0.000	0.000	0.000	-0.281
0.000	0.000	0.000	-0.496
0.000	0.000	0.000	-0.526
0.000	0.000	0.000	-0.381
